1725159846606,100
1725160375687,108
1725160414799,119
1725160430816,139
1725160550946,119
1725160651315,131
1725160709736,139
1725160745172,239
1725160862070,739
1725164092534,639
1725164097857,539
1725164252548,550
1725164262952,569
1725164270896,585
1725164353220,598
1725164363510,618
1725164444168,624
1725164454888,639
1725164480410,650
1725164511408,750
1725164689803,756
1725164707110,770
1725164712789,778
1725164742691,791
1725164759988,804
1725164806546,820
1725164815145,835
1725164827892,846
1725164839427,854
1725164858177,863
1725164869158,872
1725164972887,890
1725165024435,906
1725165029895,926
1725165096136,937
1725165102844,948
1725165147394,958
1725165153714,969
1725165186881,985
1725165269124,998
1725165752867,898
1725165779597,698
1725165927305,704
1725165933506,712
1725165954913,724
1725169505103,729
1725169569640,749
1725169575239,762
1725169593992,778
1725169598175,783
1725192840500,1633
1725194687579,1833
1725194867019,1533
1725194898858,1233
1725195099159,1245
1725195108810,1270
1725195120179,1279
1725195639475,1229
1725195662098,1241
1725195676626,1249
1725195735318,1275
1725195743584,1285
1725195800385,1303
1725195805763,1315
1725195817223,1325
1725195823968,1340
1725196571055,1040
1725196908822,940
1725196980282,1140
1725197031803,990
1725198890769,940
1725200124335,958
1725200200888,973
1725200217218,987
1725200222042,998
1725200228794,1012
1725200234205,1033
1725200608821,533
1725200752719,333
1725200832823,345
1725200837936,352
1725200850592,359
1725200860925,369
1725200869887,379
1725200875376,387
1725200883335,402
1725200893977,414
1725200900348,424
1725200910260,432
1725200941989,442
1725200972414,452
1725200979026,466
1725200986179,480
1725200997171,492
1725201000481,518
1725201019987,534
1725201051268,545
1725201060070,563
1725201080586,572
1725201088320,587
1725201096882,598
1725201133701,613
1725201146440,633
1725201188470,645
1725201198094,653
1725201229464,682
1725201372508,698
1725201377225,710
1725201498794,680
1725201504761,650
1725206093789,670
1725206123521,692
1725206156644,715
1725206162419,730
1725206166772,741
1725206170687,764
1725206180807,777
1725206195266,796
1725206226687,824
1725206233271,836
1725206251644,849
1725206310141,870
1725206323257,890
1725206327811,900
1725206440662,913
1725206474312,933
1725206639127,928
1725206773802,728
1725206830817,718
1725206967562,736
1725206973972,749
1725207018854,949
1725207132747,956
1725207136093,961
1725207141354,990
1725207145726,1009
1725207149669,1015
1725207169364,1027
1725207397199,1022
1725207536549,1522
1725207605937,522
1725207878467,538
1725207887606,550
1725207910437,563
1725207923982,587
1725229276652,4444
1725229298151,4456
1725229329694,4474
1725229340286,4491
1725229412800,4524
1725229418698,4529
1725229446792,4541
1725229464202,4572
1725229473371,4584
1725229503679,4596
1725229552609,4609
1725229634480,4628
1725229647222,4635
1725229688922,4651
1725229709759,4671
1725229714427,4690
1725229740335,4705
1725229747657,4722
1725229776079,4742
1725229780569,4753
1725230642303,1753
1725230716342,1553
1725230729851,1853
1725230734041,2153
1725230737828,2453
1725230741426,2753
1725230745042,3053
1725230787785,2553
1725230800147,2853
1725230804941,3153
1725230809348,3453
1725230813169,3753
1725230839357,4053
1725230843423,4353
1725230846980,4653
1725230852757,4953
1725230857039,5253
1725230860971,5553
1725230934748,5403
1725231010669,4003
1725231161381,4303
1725231210691,4603
1725231215549,4903
1725231219921,5203
1725231223070,5503
1725231244562,5803
1725231309874,6103
1725231590682,6110
1725231605511,6124
1725231615364,6138
1725231641186,6160
1725231677107,6175
1725232258512,5675
1725232492953,5075
1725232618334,4475
1725232641220,4775
1725232645776,5075
1725232649577,5375
1725233378222,1775
1725233771949,1787
1725233808687,1801
1725233813778,1815
1725233832178,1836
1725233838085,1861
1725233842448,1873
1725233847187,1898
1725234017131,1912
1725234034479,1939
1725234170323,1959
1725234894944,159
1725234923292,459
1725234928411,759
1725234933036,1059
1725234939383,1359
1725234943702,1659
1725234954658,1959
1725234960092,2259
1725234964964,2559
1725234969518,2859
1725234985195,2259
1725235007218,2559
1725235011420,2859
1725235015019,3159
1725235202003,3174
1725235205947,3179
1725235209836,3193
1725235215699,3203
1725235219649,3209
1725235239089,3224
1725235247604,3239
1725235259765,3253
1725235292861,3262
1725235296661,3273
1725235299838,3285
1725235303738,3305
1725235308766,3322
1725235336467,3334
1725235367897,3344
1725235407443,3351
1725235411198,3360
1725235416092,3372
1725235423554,3396
1725235427834,3404
1725235431631,3416
1725235436854,3425
1725235438929,3435
1725235462376,3448
1725235464379,3465
1725235526453,3472
1725235541585,3484
1725235552012,3491
1725235555281,3526
1725235588332,3539
1725235612588,3546
1725235644118,3556
1725235650104,3566
1725235657047,3580
1725235679214,3600
1725235741618,3615
1725235759144,3628
1725235784767,3658
1725235800875,3670
1725235823772,3677
1725235853240,3684
1725235877688,3696
1725235944924,3709
1725235954989,3721
1725235974612,3737
1725235996094,3750
1725236001503,3759
1725236006484,3797
1725236011720,3810
1725236015167,3822
1725236019203,3835
1725236026005,3847
1725236070163,3859
1725236091969,3869
1725236156567,3906
1725236181480,3921
1725236236175,3930
1725236245271,3946
1725236326160,3956
1725236329182,3970
1725236333454,3979
1725236337542,3988
1725236383954,4014
1725236452788,4027
1725236456162,4039
1725236482928,4049
1725236488206,4064
1725236509240,4069
1725236514511,4093
1725236526142,4106
1725236531079,4126
1725236537587,4138
1725236541607,4144
1725236557436,4159
1725236568695,4171
1725236574226,4185
1725236580035,4190
1725236584313,4197
1725236616809,4205
1725236796952,4241
1725236821843,4256
1725236850333,4263
1725237126560,2463
1725237145537,2763
1725237149797,3063
1725237159287,3363
1725237163839,3663
1725237168215,3963
1725237171852,4263
1725237175724,4563
1725237179386,4863
1725237183592,5163
1725237216318,1563
1725237459953,163
1725237475962,463
1725237482262,763
1725237485405,1063
1725237491845,1363
1725237497597,1663
1725237501777,1963
1725237507219,2263
1725237523415,1863
1725237551545,663
1725237576166,963
1725237582588,1263
1725237588899,1563
1725237592552,1863
1725237597074,2163
1725237601782,2463
1725237605459,2763
1725237610272,3063
1725237747225,1063
1725237785063,1363
1725237795579,1663
1725237799932,1963
1725237804913,2263
1725237808768,2563
1725237813952,2863
1725237818804,3163
1725237824267,3463
1725237828604,3763
1725237832427,4063
1725237938602,3663
1725238049948,3763
1725239254591,3772
1725239261641,3787
1725239265845,3805
1725239269155,3812
1725239275678,3817
1725239279912,3846
1725239307770,3870
1725239318196,3884
1725239328163,3910
1725239333046,3957
1725239341707,3979
1725239345699,4007
1725240627933,4032
1725240633115,4053
1725240672547,4071
1725240677145,4093
1725240690115,3593
1725240696059,3618
1725240699855,3637
1725240703081,3657
1725240822349,3667
1725240823926,3674
1725240828011,3680
1725240851043,3685
1725240854357,3709
1725240858716,3726
1725240864783,3732
1725240879858,3745
1725240883545,3760
1725240887654,3771
1725240910412,3793
1725240915091,3817
1725240920203,3822
1725240923076,3828
1725240935363,3841
1725240940447,3856
1725240943242,3866
1725240947641,3872
1725240974785,3887
1725240979772,3893
1725240986496,3905
1725240993285,3915
1725240998735,3930
1725241020315,3948
1725241058456,3966
1725241227369,3986
1725241230638,4001
1725241234359,4015
1725241239309,4029
1725241250225,4042
1725241257077,4051
1725241261392,4058
1725241265295,4064
1725241306499,4071
1725241313769,4090
1725241329280,4110
1725241342827,4119
1725241350038,4129
1725241355623,4140
1725241377158,4149
1725241409082,4167
1725241412657,4187
1725241428915,4212
1725241434302,4232
1725241500303,3932
1725241522458,3964
1725241527612,3973
1725241540139,3993
1725241554617,4001
1725241559538,4013
1725241564006,4027
1725241568722,4033
1725241571275,4048
1725241575201,4062
1725241591512,4068
1725241596574,4078
1725241634153,1678
1725242044404,78
1725242057976,378
1725242065841,678
1725242070376,978
1725242072647,1278
1725242076449,1578
1725242080158,1878
1725242090964,2178
1725242096597,2478
1725242113481,1878
1725242135116,2178
1725242138717,2478
1725242146664,2778
1725242172751,2578
1725242190308,2878
1725242227465,2278
1725244024489,2478
1725244137345,2493
1725244142175,2505
1725244147612,2515
1725244151884,2535
1725244174330,2552
1725244196042,2567
1725244322200,2587
1725244325777,2608
1725244330263,2618
1725244335443,2629
1725244343458,2642
1725244348734,2653
1725244352775,2668
1725244358936,2675
1725244385662,2680
1725244389764,2691
1725244395664,2703
1725244401436,2717
1725244405718,2729
1725244409177,2754
1725244438208,2776
1725244443506,2783
1725244452160,2800
1725244458253,2814
1725244477016,2842
1725244484283,2856
1725244487736,2869
1725244496385,2891
1725244504675,2899
1725244522994,2914
1725244524673,2919
1725244537886,2930
1725244544460,2938
1725244548358,2947
1725244552145,2967
1725244604388,2974
1725244608189,2985
1725244611984,2998
1725244619065,3006
1725244623826,3012
1725244627264,3018
1725244631861,3030
1725244655752,3040
1725244687156,3058
1725244793548,3068
1725244797201,3089
1725244849233,3095
1725244870070,3107
1725244877032,3114
1725244881818,3120
1725244889787,3135
1725244893604,3144
1725244918707,3149
1725244937249,3165
1725244944329,3182
1725244947978,3204
1725245009204,3218
1725245031331,3238
1725245037851,3246
1725245043176,3269
1725245051248,3282
1725245056417,3293
1725245059913,3313
1725245063038,3333
1725245067174,3345
1725245070756,3365
1725245101826,2165
1725265458358,2747
1725266178842,2447
1725266534533,447
1725266558497,47
1725266619980,347
1725266704058,647
1725266743297,447
1725266761625,747
1725266839012,547
1725266881919,847
1725267033933,247
1725267049954,547
1725267054613,847
1725267059051,1147
1725267073156,347
1725267082537,147
1725267100116,447
1725267103681,748
1725267108004,1047
1725267113155,1347
1725267118546,1647
1725267136806,47
1725267158113,347
1725267164473,647
1725267169027,947
1725267172889,1247
1725267178617,1547
1725267183057,1847
1725267188572,2147
1725267193532,2447
1725267237158,247
1725267254444,547
1725267259903,847
1725267268120,1147
1725267273674,1447
1725267279532,1747
1725267285484,2047
1725267290495,2347
1725267296044,2647
1725267301663,2947
1725267306926,3247
1725267311642,3547
1725267415875,2547
1725267484195,1547
1725267581552,947
1725267641434,1247
1725267647036,1547
1725267663223,1847
1725267668198,2147
1725267672376,2447
1725267676660,2747
1725267681508,3047
1725267685298,3347
1725269230595,3362
1725269242457,3373
1725269247602,3389
1725269252648,3399
1725269294173,3429
1725269305085,3456
1725269441318,3468
1725269527595,3514
1725269532076,3532
1725269551595,3561
1725269633544,3575
1725269725579,3595
1725269729176,3606
1725269743323,3613
1725269774565,3628
1725269778754,3646
1725269785276,3661
1725269932096,3675
1725269935934,3690
1725269955381,3717
1725269966415,3727
1725269970995,3741
1725269976803,3755
1725269989239,3783
1725270028800,3809
1725270152195,3839
1725270155818,3854
1725270178381,3868
1725270197929,3890
1725270204364,3910
1725270227761,3926
1725270230474,3940
1725270278859,3950
1725270281722,3964
1725270382910,3983
1725270349708,3999
1725270383226,4015
1725270387553,4044
1725270420062,4055
1725270469438,4082
1725270522340,4112
1725270535224,4127
1725270539257,4147
1725270549713,4183
1725270579034,4212
1725270589023,4224
1725270677911,4253
1725270725479,4308
1725274033028,4325
1725276259806,3125
1725276282029,2525
1725276295050,1925
1725278017854,1945
1725278025408,1965
1725278030720,1982
1725278089022,1482
1725278095860,882
1725278898497,892
1725278968437,913
1725279744002,934
1725279801401,944
1725279803964,953
1725279813038,968
1725279967478,1019
1725279974411,1058
1725279978321,1071
1725279984297,1101
1725279987646,1135
1725279992088,1155
1725279997488,1200
1725280003946,1230
1725280021452,1244
1725280144224,1259
1725280154450,1271
1725280214629,1295
1725280222044,1317
1725280224292,1342
1725280228708,1379
1725280233583,1401
1725280272514,1425
1725280282502,1442
1725280347117,1470
1725280403942,1498
1725280428232,1513
1725280431582,1533
1725280436302,1549
1725280512089,1563
1725280537486,1608
1725280540544,1638
1725280560838,1649
1725280601941,1694
1725280610772,1708
1725280617129,1728
1725280622565,1744
1725297695522,5238
1725297946961,5252
1725297951995,5265
1725297969490,5278
1725297977498,5291
1725297993024,5305
1725298044517,5318
1725298052982,5330
1725298058729,5347
1725298064472,5378
1725298069426,5393
1725298150276,5421
1725298201270,5448
1725298296363,5473
1725298299504,5488
1725298304635,5517
1725298312538,5541
1725298316437,5570
1725298320115,5598
1725298334583,5622
1725298336354,5649
1725298339780,5664
1725298412181,5683
1725299311880,4683
1725300223269,3683
1725300479956,3695
1725300482428,3709
1725300487952,3723
1725304083096,3123
1725335741457,3123
1725337268645,3134
1725337271468,3141
1725337274057,3149
1725337277041,3159
1725337282020,3176
1725337285935,3190
1725337303430,3196
1725337309193,3211
1725341172615,211
1725345143947,206
1725345273025,201
1725365083411,701
1725368466104,901
1725371612743,1001
1725371735186,901
1725376604255,896
1725387005272,1232
1725389502590,1132
1725389505984,1032
1725389510251,932
1725389512465,832
1725389515293,732
1725389523652,632
1725389527610,532
1725389535325,432
1725391611678,242
1725391864229,1742
1725391875346,742
1725391891854,722
1725391909092,702
1725391948824,682
1725391969113,662
1725391997062,642
1725392015052,622
1725392033422,602
1725393192810,542
1725394510957,2572
1725394526818,472
1725396086465,480
1725396114983,491
1725396150160,486
1725396157114,481
1725396715865,581
1725396720637,681
1725396724252,781
1725396728224,881
1725396732203,981
1725396735944,1081
1725396784547,81