1725160467233,100
1725160554340,115
1725160684315,123
1725160762588,130
1725160968486,90
1725161810346,190
1725161820045,90
1725161852262,40
1725161922041,540
1725162185490,440
1725162361014,340
1725164350848,351
1725164368284,366
1725164382302,380
1725164476961,393
1725164767414,403
1725164931018,411
1725164948466,420
1725164961837,426
1725164975058,432
1725164993147,437
1725165009080,444
1725165022735,449
1725165032571,460
1725165043842,465
1725165060609,479
1725165072068,492
1725165087806,504
1725165093690,515
1725165122941,521
1725165151270,530
1725165165163,548
1725165170778,555
1725165182275,566
1725165197827,577
1725165226232,590
1725165244665,602
1725165435945,621
1725165499623,633
1725165535770,643
1725165610577,656
1725165620220,666
1725165632709,672
1725165663685,679
1725165669492,694
1725165819646,700
1725165824435,714
1725165890088,733
1725165898595,752
1725165946092,764
1725165967861,778
1725165993778,792
1725166030332,797
1725166036570,812
1725166090221,818
1725166193500,837
1725168437824,846
1725168574112,854
1725168587453,866
1725168608138,877
1725170403066,888
1725170421126,899
1725170427871,908
1725170440169,919
1725170455092,935
1725170483004,961
1725200123635,626
1725200602835,1126
1725200859440,526
1725200987359,226
1725201350972,26
1725201418152,176
1725201629743,181
1725201633109,193
1725201644649,200
1725201665826,218
1725201678075,232
1725201688636,240
1725201697016,248
1725201709899,263
1725201718748,278
1725201738646,289
1725201745545,296
1725201754460,306
1725201764814,317
1725201821465,335
1725201829295,351
1725202291463,451
1725202356196,490
1725202385105,507
1725202465412,521
1725202488078,539
1725202668485,339
1725202729118,9
1725206114001,34
1725206130276,53
1725206263154,18
1725206362061,8
1725206427468,308
1725207076049,508
1725207458472,708
1725207896111,726
1725207901898,739
1725208013324,748
1725208016508,765
1725208020032,775
1725208436688,765
1725209100449,1265
1725210041031,1245
1725210138570,1345
1725210198604,1315
1725210281793,1340
1725210312535,1370
1725210343447,1398
1725210383478,1427
1725210397965,1456
1725210422188,1492
1725210578047,1513
1725210586989,1525
1725210607399,1545
1725210616994,1562
1725210689905,1585
1725210697590,1609
1725210707818,1630
1725210761773,1655
1725210816402,1625
1725210852830,625
1725210907674,325
1725210941381,25
1725210969063,125
1725211625564,325
1725211944632,349
1725211952565,377
1725212056252,401
1725212065676,418
1725212071048,446
1725212092908,465
1725212105684,483
1725212117195,510
1725212130266,527
1725212141140,548
1725212148013,566
1725212320116,36
1725215237579,55
1725215241422,66
1725215253129,79
1725215345327,19
1725216805450,29
1725216826823,45
1725216885930,65
1725228508890,52
1725229399177,67
1725229424260,167
1725229446849,177
1725229468425,277
1725229858683,37
1725229930790,27
1725230331276,7
1725230513786,27
1725230520899,37
1725230559830,137
1725230731463,196
1725230777885,696
1725231132292,796
1725231429604,824
1725231654667,830
1725231658697,840
1725231681923,940
1725231731693,955
1725231751378,1055
1725231772334,1072
1725231791159,1172
1725231806157,1183
1725231976973,1333
1725232235244,1346
1725232287463,1368
1725232295466,1390
1725232299433,1413
1725232402604,1429
1725232535087,1458
1725232539748,1485
1725232561432,1512
1725232574827,1540
1725232580386,1589
1725232584744,1602
1725232611516,1624
1725232617985,1641
1725232623132,1651
1725232642705,1671
1725232646686,1707
1725232659711,1731
1725232851970,1741
1725233276715,1441
1725233482783,1591
1725233632245,1616
1725233648910,1637
1725233686288,1658
1725233694088,1679
1725234077865,1779
1725234259497,1803
1725234285149,1816
1725234340154,1827
1725234381387,1847
1725234391265,1871
1725234422515,1900
1725234434677,1910
1725234494321,1924
1725234505445,1935
1725234554321,1963
1725234558220,1985
1725234599339,1995
1725234622086,2019
1725237948614,2419
1725238138217,2619
1725238439736,2669
1725238602443,2759
1725272684430,2782
1725272687992,2822
1725272693163,2838
1725272715468,2849
1725272769228,2872
1725272773442,2901
1725272807630,2401
1725272847217,2426
1725272850788,2451
1725272921998,2061
1725272935701,1761
1725272940711,1461
1725273338265,1513
1725273346119,1536
1725273359643,1566
1725273518266,1624
1725273614110,1642
1725278109243,2142
1725278282332,1542
1725278290391,942
1725278302483,642
1725278814155,442
1725278930292,92
1725279023129,192
1725279054300,72
1725279300677,90
1725279309759,107
1725279315730,121
1725279328910,135
1725279334025,152
1725279341792,158
1725279347923,171
1725279953004,71
1725280077132,171
1725280082588,271
1725280095659,371
1725280099606,471
1725280103457,571
1725280112326,671
1725280116698,771
1725280121561,871
1725280125107,971
1725280126337,1071
1725280130235,1171
1725280134290,1271
1725280138361,1371
1725280143191,1471
1725280147601,1571
1725280151582,1671
1725280155387,1771
1725280159839,1871
1725280163460,1971
1725280166574,2071
1725280170328,2171
1725280178279,2271
1725280181755,2371
1725280186347,2471
1725280191761,2571
1725280198641,2671
1725280203373,2771
1725280207625,2871
1725280212140,2971
1725280219460,3071
1725280223662,3171
1725280227506,3271
1725280231391,3371
1725280237051,3471
1725280240722,3571
1725280247245,3671
1725280251247,3771
1725280255005,3871
1725280258664,3971
1725280262713,4071
1725280266964,4171
1725280270739,4271
1725280278150,4371
1725280284256,4471
1725280289394,4571
1725280293454,4671
1725280306656,4771
1725280312676,4871
1725280336298,4761
1725280391060,4561
1725280406230,4861
1725280838074,4961
1725280843753,5061
1725280850504,5161
1725280855403,5261
1725280859446,5361
1725280863278,5461
1725280867009,5561
1725280870965,5661
1725280874676,5761
1725280878330,5861
1725280881942,5961
1725280885961,6061
1725280890186,6161
1725280891688,6261
1725280896304,6361
1725280900009,6461
1725280904192,6561
1725280906427,6661
1725280909749,6761
1725280914262,6861
1725280918807,6961
1725280923419,7061
1725280926728,7161
1725280930372,7261
1725280934137,7361
1725280938057,7461
1725280942837,7561
1725280948629,7661
1725280954651,7761
1725280960291,7861
1725280966030,7961
1725280971022,8061
1725280975202,8161
1725280978850,8261
1725280982774,8361
1725280985826,8461
1725280989772,8561
1725280993545,8661
1725280997553,8761
1725281001420,8861
1725281004565,8961
1725281008345,9061
1725281011977,9161
1725281016215,9261
1725281019862,9361
1725281024811,9461
1725281030135,9561
1725281035445,9661
1725281041064,9761
1725281045455,9861
1725281050740,9961
1725281056015,10061
1725281059874,10161
1725281065548,10261
1725281103199,10131
1725281510441,10231
1725281513794,10331
1725281518766,10431
1725281522494,10531
1725281528612,10631
1725281536486,10731
1725281540173,10831
1725281544648,10931
1725281549630,11031
1725281554111,11131
1725281557179,11231
1725281560241,11331
1725281563511,11431
1725281567015,11531
1725281569763,11631
1725281573447,11731
1725281576292,11831
1725281580724,11931
1725281589771,12031
1725281593581,12131
1725281596727,12231
1725281600211,12331
1725281900689,12431
1725281904212,12531
1725281907370,12631
1725281910894,12731
1725281915384,12831
1725281923930,12931
1725281929110,13031
1725281934076,13131
1725281938760,13231
1725281943449,13331
1725281946901,13431
1725281950522,13531
1725281954632,13631
1725281958587,13731
1725281962389,13831
1725281966021,13931
1725281971907,14031
1725281976025,14131
1725281979872,14231
1725281983244,14331
1725281987393,14431
1725281991196,14531
1725281994833,14631
1725282000029,14731
1725282003771,14831
1725282008499,14931
1725282011466,15031
1725282014800,15131
1725282019065,15231
1725282022328,15331
1725282025924,15431
1725282033841,15531
1725282037152,15631
1725282041249,15731
1725282044832,15831
1725282047795,15931
1725282051292,16031
1725282055563,16131
1725282062051,16231
1725282065471,16331
1725282072838,16431
1725282077481,16531
1725282113513,16431
1725282313889,16231
1725282394685,16331
1725282400602,16431
1725282404636,16531
1725282410092,16631
1725282415133,16731
1725282424795,16831
1725282430383,16931
1725282435579,17031
1725282439955,17131
1725282442276,17231
1725282445252,17331
1725282450127,17431
1725282454106,17531
1725282458550,17631
1725282463236,17731
1725282467024,17831
1725282470671,17931
1725282474517,18031
1725282478585,18131
1725282482011,18231
1725282485909,18331
1725282489977,18431
1725282494484,18531
1725282498302,18631
1725282502536,18731
1725282506458,18831
1725282510947,18931
1725282515293,19031
1725282519473,19131
1725282524053,19231
1725282528324,19331
1725282532203,19431
1725282538045,19531
1725282542529,19631
1725282546222,19731
1725282549272,19831
1725282559243,19931
1725282563537,20031
1725282567634,20131
1725282571725,20231
1725282574928,20331
1725282578704,20431
1725282582010,20531
1725282585470,20631
1725282588747,20731
1725282593173,20831
1725282596744,20931
1725282600122,21031
1725282605546,21131
1725282610353,21231
1725282616284,21331
1725282676787,21086
1725282926235,21186
1725282929625,21286
1725282933401,21386
1725282937057,21486
1725282938933,21586
1725282943358,21686
1725282947847,21786
1725282951937,21886
1725282954255,21986
1725282956133,22086
1725282959065,22186
1725282966765,22286
1725282970245,22386
1725282973360,22486
1725282977070,22586
1725282980935,22686
1725282984582,22786
1725282988782,22886
1725282992308,22986
1725282995573,23086
1725282998677,23186
1725283001254,23286
1725283004514,23386
1725283011100,23486
1725283014667,23586
1725283019751,23686
1725283024433,23786
1725283028539,23886
1725283032652,23986
1725283036405,24086
1725283041129,24186
1725283045550,24286
1725283049789,24386
1725283054580,24486
1725283057940,24586
1725283061727,24686
1725283065675,24786
1725283069129,24886
1725283072468,24986
1725283076286,25086
1725283079398,25186
1725283082209,25286
1725283085557,25386
1725283088628,25486
1725283091760,25586
1725283096807,25686
1725283099659,25786
1725283103717,25886
1725283110494,25986
1725283115386,26006
1725283119408,26186
1725283122998,26286
1725283174501,23586
1725283409078,23216
1725283484412,23126
1725283505562,23106
1725283538669,23206
1725283542472,23306
1725283545437,23406
1725283548752,23506
1725283552157,23606
1725283554797,23706
1725283559659,23806
1725283562816,23906
1725283565706,24006
1725283569473,24106
1725283572900,24206
1725283576151,24306
1725283579346,24406
1725283584305,24506
1725283587681,24606
1725283591434,24706
1725283594484,24806
1725283597639,24906
1725283601224,25006
1725283604300,25106
1725283607368,25206
1725283610748,25306
1725283613919,25406
1725283675628,25506
1725283678682,25606
1725283681841,25706
1725283684900,25806
1725283688064,25906
1725283691640,26006
1725283697116,26106
1725283700706,26206
1725283704304,26306
1725283705782,26406
1725283709405,26506
1725283714099,26606
1725283714923,26706
1725283718554,26806
1725283721347,26906
1725283723885,27006
1725283726571,27106
1725283730595,27206
1725283737579,27306
1725283741846,27406
1725283747393,27506
1725283751902,27606
1725283755717,27706
1725283759738,27806
1725283762698,27906
1725283765775,28006
1725283768288,28106
1725283771212,28206
1725283779269,28306
1725283780525,28406
1725283784683,28506
1725283787454,28606
1725283792026,28706
1725283797368,28806
1725283802233,28906
1725283806595,29006
1725283809067,29106
1725283812182,29206
1725283815188,29306
1725283818322,29406
1725283821566,29506
1725283825755,29606
1725283829847,29706
1725283841558,29806
1725283844351,29906
1725283847855,30006
1725283850641,30106
1725283853912,30206
1725283855261,30306
1725283857513,30406
1725385828047,30433
1725387613039,30446
1725387622163,30457
1725387631272,30463
1725387638001,30482
1725387646851,30500
1725387652311,30524
1725387656916,30538
1725387665910,30550
1725387672826,30556
1725387677314,30568
1725387688228,30588
1725387692843,30600
1725387698011,30612
1725387718941,30622
1725387726283,30637
1725387730105,30651
1725387742890,30658
1725387751255,30670
1725387788472,30770
1725389419938,30250
1725389448064,30150
1725389452427,30050
1725390292784,29850
1725390301403,29750
1725390686321,4750
1725395452835,4230
1725395574156,3630
1725395668542,4130
1725395703202,3430
1725395793335,4930
1725395824203,4130
1725395913583,4530
1725396044877,4830
1725396142596,5430
1725396344270,5431
1725396624819,5531
1725396716642,5631
1725396951334,5669