1725160547176,100
1725161300198,80
1725161525606,180
1725161539023,80
1725161608551,580
1725162588362,595
1725162616984,604
1725162643332,615
1725162664953,621
1725162674356,636
1725162687872,646
1725162710796,661
1725162732022,671
1725162744781,677
1725162755452,688
1725162855439,700
1725168465735,714
1725170019581,730
1725170059526,742
1725170111268,753
1725170954730,764
1725170991306,780
1725170997999,792
1725171023768,808
1725171047143,825
1725197300232,842
1725197459656,853
1725197475705,863
1725197490435,869
1725197605136,881
1725197610985,895
1725197929455,595
1725198182466,395
1725198251353,1395
1725198294364,995
1725198374828,1495
1725198399309,1395
1725198498992,1595
1725198521309,1495
1725199997699,1455
1725200064066,1472
1725200078944,1498
1725200155100,1511
1725200236684,1411
1725200328265,1429
1725200366263,1436
1725200371630,1448
1725200380561,1471
1725200407854,1490
1725200475865,1502
1725201128654,1492
1725201177748,1442
1725201255580,1642
1725201343234,1742
1725202571383,1892
1725202636452,1592
1725202718753,1292
1725202730421,992
1725202742739,692
1725207241540,492
1725207363509,292
1725207459447,792
1725207481509,592
1725207609463,392
1725207643058,342
1725207704139,492
1725207762827,192
1725207849013,292
1725207908476,92
1725208300318,242
1725208384133,542
1725208437888,554
1725208450324,569
1725208462699,582
1725208532732,591
1725208546215,605
1725208558640,622
1725208585171,634
1725208596690,639
1725208612846,650
1725208663235,669
1725208682016,681
1725208689390,696
1725208715572,796
1725208835573,814
1725208847414,828
1725208855041,839
1725208860544,849
1725208870658,860
1725208948671,660
1725209056417,460
1725224484901,450
1725224729864,650
1725224876320,672
1725224883331,684
1725224918707,707
1725224935643,727
1725224944652,755
1725224949745,770
1725224959202,792
1725225027405,777
1725225259260,787
1725225269523,808
1725225300195,825
1725225307549,844
1725225312297,855
1725225325299,882
1725225331413,900
1725225345068,923
1725225348239,939
1725225371741,969
1725225671222,1169
1725225731886,1069
1725225854590,1269
1725225978378,1114
1725226046376,1128
1725226093170,1144
1725226101993,1162
1725226107842,1176
1725226229091,1189
1725226264792,1206
1725226273130,1216
1725227677462,1211
1725227788087,1411
1725227880262,1416
1725227888496,1445
1725227896757,1458
1725227908673,1475
1725227918393,1485
1725227933342,1496
1725227943162,1503
1725227948615,1511
1725227953023,1521
1725227958002,1539
1725227980447,1639
1725228107872,739
1725228623008,1239
1725228853100,1257
1725228856941,1262
1725228860688,1267
1725228887348,1367
1725229197785,1375
1725229221331,1475
1725229274400,1485
1725229293797,1585
1725229332712,1597
1725229347478,1697
1725229388798,1703
1725229412505,1803
1725229436752,1818
1725229558659,1833
1725229571352,1844
1725229591478,1852
1725229608345,1869
1725229629226,1875
1725229632568,1882
1725229637390,1897
1725229644752,1903
1725229648639,1914
1725229673167,2014
1725229714632,2019
1725229736027,2119
1725229765263,2130
1725229805534,2230
1725229829474,2243
1725229851082,2343
1725229875096,2351
1725229898360,2451
1725229930283,2464
1725229972525,2564
1725230120427,2578
1725230137197,2678
1725230177211,2687
1725230198522,2787
1725230231507,2803
1725230253769,2903
1725230291277,2916
1725230310482,3016
1725230337257,3025
1725230359894,3125
1725230387833,3139
1725230409061,3239
1725230456182,3339
1725230509652,3439
1725230549296,3539
1725230616289,3639
1725230829066,3739
1725230870612,3839
1725230902223,3856
1725230918376,3956
1725230941072,3967
1725230961047,4067
1725230984171,4087
1725231003165,4187
1725231023934,4206
1725231046812,4306
1725231107969,4313
1725231129129,4413
1725231150211,4422
1725231170819,4522
1725231220727,4530
1725231241201,4630
1725231258677,4644
1725231276081,4744
1725231295862,4754
1725231311779,4854
1725231377536,4954
1725231418093,5054
1725231475940,5154
1725231499260,5160
1725231515763,5260
1725231536460,5266
1725231557650,5366
1725231646798,5378
1725231668609,5478
1725231727643,5578
1725231764794,5678
1725231796447,5689
1725232158525,5489
1725232280672,5289
1725232381579,5789
1725232405141,5589
1725233119130,4589
1725234160776,4607
1725234238620,4627
1725234247656,4643
1725234292756,4663
1725234298399,4692
1725234386933,4712
1725234392898,4722
1725234420092,4742
1725260975104,4764
1725260996547,4792
1725261013388,4817
1725261053320,4831
1725261062506,4843
1725261075526,4343
1725261082643,4363
1725261086956,4375
1725262925190,4386
1725264922989,4586
1725264994968,4286
1725265184659,4091
1725265369986,4191
1725265385891,4291
1725265399478,4391
1725265406910,4491
1725265413995,4591
1725265420047,4691
1725265425746,4791
1725265431921,4891
1725265446164,4991
1725265454157,5091
1725265462156,5191
1725265468379,5291
1725265472535,5391
1725265477038,5491
1725265484062,5591
1725266058899,5461
1725266199395,5561
1725266202765,5661
1725266207916,5761
1725266212860,5861
1725266218097,5961
1725266222377,6061
1725266227542,6161
1725266231391,6261
1725266239743,6361
1725266243822,6461
1725266247372,6561
1725266252553,6661
1725266262503,6761
1725266267009,6861
1725266271348,6961
1725266286476,7061
1725266290188,7161
1725266299017,7261
1725266302892,7361
1725266307372,7461
1725266314959,7561
1725266322394,7661
1725266327234,7761
1725266333228,7861
1725266338033,7961
1725266346445,8061
1725266353037,8161
1725266357026,8261
1725266361064,8361
1725266384832,8461
1725266389091,8561
1725266393881,8661
1725266405698,8761
1725266416553,8861
1725266421786,8961
1725266427117,9061
1725266431301,9161
1725266435138,9261
1725266444350,9361
1725266448943,9461
1725266454079,9561
1725266459622,9661
1725266465261,9761
1725266470817,9861
1725266476210,9961
1725266479839,10061
1725266484398,10161
1725266490692,10261
1725266500688,10361
1725266503717,10461
1725266508330,10561
1725266512447,10661
1725266522331,10761
1725266526926,10861
1725266535124,10961
1725266539522,11061
1725266543215,11161
1725266547699,11261
1725266552250,11361
1725266557295,11461
1725266562796,11561
1725266573226,11661
1725266578419,11761
1725266584049,11861
1725266962296,11561
1725267061018,11861
1725267096945,11561
1725267232967,11261
1725267415960,12261
1725267934228,12091
1725268039189,12191
1725268044429,12291
1725268050292,12391
1725268054662,12491
1725268058908,12591
1725268063042,12691
1725268067091,12791
1725268072341,12891
1725268077301,12991
1725268081603,13091
1725268085219,13191
1725268089057,13291
1725268095063,13391
1725268099968,13491
1725268105950,13591
1725268112098,13691
1725268117035,13791
1725268122082,13891
1725268127674,13991
1725268132783,14091
1725268137469,14191
1725268141463,14291
1725268145550,14391
1725268149553,14491
1725268153468,14591
1725268157068,14691
1725268161150,14791
1725268165236,14891
1725268169062,14991
1725268172512,15091
1725268176554,15191
1725268182880,15291
1725268186778,15391
1725268191318,15491
1725268195661,15591
1725268199344,15691
1725268204136,15791
1725268208379,15891
1725268213291,15991
1725268218383,16091
1725268223794,16191
1725268237205,16291
1725268242171,16391
1725268247590,16491
1725268252885,16591
1725268259536,16691
1725268264538,16791
1725268269480,16891
1725268273817,16991
1725268278476,17091
1725268290075,17191
1725268295287,17291
1725268299546,17391
1725268304621,17491
1725268309284,17591
1725268314372,17691
1725268319658,17791
1725268324827,17891
1725268329288,17991
1725268333906,18091
1725268339289,18191
1725268343225,18291
1725268347642,18391
1725268352196,18491
1725269581714,18431
1725269594675,18531
1725269600630,18631
1725269607568,18731
1725269611701,18931
1725269622430,19031
1725269627520,19131
1725269633045,19231
1725269637621,19331
1725269639422,19431
1725269643649,19531
1725269649240,19631
1725269654896,19731
1725269659205,19831
1725269662580,19931
1725269665611,20031
1725269677029,20131
1725269681912,20231
1725269685969,20331
1725269689570,20431
1725269731322,20531
1725269742858,20631
1725269746225,20731
1725269750066,20831
1725269753456,20931
1725269760340,21031
1725269764740,21131
1725269769145,21231
1725269773315,21331
1725269777750,21431
1725269783433,21531
1725269787635,21631
1725269791469,21731
1725269795005,21831
1725269798068,21931
1725269802690,22031
1725269813872,22131
1725269817724,22231
1725269822218,22331
1725269826952,22431
1725269831062,22531
1725269836925,22631
1725269843266,22731
1725269847679,22831
1725269907048,21331
1725270022237,19831
1725270143555,18331
1725270544791,18251
1725270643574,18351
1725270646918,18451
1725270651997,18551
1725270656053,18651
1725270659858,18751
1725270664322,18851
1725270668509,18951
1725270674545,19051
1725270679058,19151
1725270683876,19251
1725270690595,19351
1725270694083,19451
1725270698459,19551
1725270703843,19651
1725270707436,19751
1725270711837,19851
1725270717017,19951
1725270721127,20051
1725270725088,20151
1725270728697,20251
1725270732533,20351
1725270736149,20451
1725270741911,20551
1725270746762,20651
1725270751176,20751
1725270756208,20851
1725270760646,20951
1725270765399,21051
1725270770728,21151
1725270775099,21251
1725270779643,21351
1725270783992,21451
1725270788844,21551
1725270792627,21651
1725270795767,21751
1725270799212,21851
1725270802140,21951
1725270811627,22051
1725270816762,22151
1725270820839,22251
1725270826384,22351
1725270831100,22451
1725270834767,22551
1725270838505,22651
1725270842408,22751
1725270846133,22851
1725270849422,22951
1725270887585,20951
1725270979244,21951
1725271012441,19951
1725271105703,20951
1725271134967,18951
1725271228669,19951
1725271246935,19451
1725271278538,19351
1725271349752,20351
1725271372377,19851
1725271391619,19751
1725271473997,20751
1725271525360,20251
1725271653242,19651
1725272200462,19664
1725272207769,19688
1725272225602,19717
1725272233391,19730
1725272253538,19753
1725272260570,19775
1725272266773,19798
1725272272422,19828
1725272303617,19841
1725272402697,19341
1725276254229,19721
1725278876748,19631
1725292802805,53976
1725292977485,55815
1725294366482,55315
1725294390163,55342
1725294397332,55364
1725294409978,55381
1725294415467,55401
1725297808150,55406
1725298796597,53406
1725298889621,54906
1725298920302,52906
1725299012832,53906
1725299042163,51906
1725299134383,53406
1725302412317,53256
1725303260007,43256
1725303692312,43156
1725303781111,43116
1725303816423,43316
1725303820315,43416
1725303825243,43516
1725303829493,43616
1725303835162,43716
1725303840199,43816
1725303844706,43916
1725303849469,44016
1725303857329,44116
1725303862077,44216
1725303867157,44316
1725303871536,44416
1725303875059,44516
1725303878796,44616
1725303889536,44716
1725303893854,44816
1725303898596,44916
1725303903035,45016
1725303907401,45116
1725303911040,45216
1725303915486,45316
1725303919389,45416
1725303925653,45516
1725303930297,45616
1725303934759,45716
1725303939301,45816
1725303944231,45916
1725303948479,46016
1725303951921,46116
1725303955463,46216
1725303961224,46316
1725303966050,46416
1725303969819,46516
1725303973760,46616
1725303978318,46716
1725303982724,46816
1725303987544,46916
1725303991713,47016
1725303995337,47116
1725303999493,47216
1725304004417,47316
1725304017262,47416
1725304027479,47516
1725304035420,47616
1725304039710,47716
1725304043086,47816
1725304046360,47916
1725304050634,48016
1725304053974,48116
1725304057361,48216
1725304061544,48316
1725304070896,48416
1725304075079,48516
1725304081126,48616
1725304085429,48716
1725304089709,48816
1725304093707,48916
1725304097876,49016
1725304102846,49116
1725304106476,49216
1725304110068,49316
1725304114023,49416
1725304119180,49516
1725304122817,49616
1725304344246,49622
1725304365174,49635
1725304370509,49651
1725304375205,49663
1725304390572,49677
1725304448948,49694
1725304454369,49706
1725304458233,49720
1725304476679,49743
1725304488822,49758
1725304493269,49766
1725304515022,49777
1725304525388,49792
1725304567616,49804
1725309123501,48304
1725309513906,49454
1725360383677,46324
1725360923126,46204
1725361019097,46194
1725361053040,46294
1725361057510,46394
1725361064719,46394
1725361071640,46494
1725361075994,46594
1725361080569,46694
1725361085968,46794
1725361091290,46894
1725361095925,46994
1725361102153,47094
1725361106707,47194
1725361111633,47294
1725361116819,47394
1725361122150,47494
1725361127663,47594
1725361133295,47694
1725361137612,47794
1725361142695,47894
1725361148529,47994
1725361154023,48094
1725361158849,48194
1725361163731,48294
1725361168557,48394
1725361173517,48494
1725361177786,48594
1725361182268,48694
1725361186357,48794
1725361191968,48894
1725361200285,48994
1725361205875,49094
1725361211299,49194
1725361216754,49294
1725361221450,49394
1725361226263,49494
1725361231138,49594
1725361236703,49694
1725361242142,49794
1725361246853,49894
1725361251327,49994
1725361255671,50094
1725361260753,50194
1725361265255,50294
1725361270113,50394
1725361274460,50494
1725361278807,50594
1725361285657,50694
1725361294671,50794
1725361302998,50894
1725361306846,50994
1725361312079,51094
1725361317806,51194
1725361323221,51294
1725361326265,51394
1725361333470,51494
1725361336761,51594
1725361340558,51694
1725361344845,51794
1725361349699,51894
1725361353828,51994
1725361362374,52094
1725361366186,52194
1725361373856,52294
1725361378478,52394
1725361382421,52494
1725361802826,52505
1725361819450,52522
1725361855498,52537
1725361990969,52556
1725362009157,52562
1725362084058,52574
1725362089496,52608
1725362094097,52618
1725362136018,52632
1725362228013,52643
1725362239878,52658
1725362243500,52672
1725362306898,52872
1725362518396,52722
1725363292866,50722
1725363385687,52222
1725363561572,50222
1725363651569,55222
1725386541597,30022
1725390395806,5022
1725390503824,1022
1725391326948,511
1725391590117,25511
1725391680865,29511
1725395420708,29001
1725395454848,27001
1725395532173,29501
1725395559827,27501
1725395652697,30001
1725395682459,28001
1725395776335,29501
1725395809497,27501
1725395896682,28501
1725395926059,26501
1725396019372,28001
1725397220416,18001